NS plaice: Mean Weight in Stock with discards included (kilograms); TvdH 2015
1         4
1957      2014
1         15
1
0.038	0.102	0.157	0.242	0.325	0.485	0.719	0.682	0.844	0.918	1.137	1.182	1.385	1.48	1.585
0.041	0.093	0.180	0.272	0.303	0.442	0.577	0.778	0.793	0.945	1.081	0.785	1.042	1.615	2.159
0.045	0.106	0.173	0.264	0.329	0.470	0.650	0.686	0.908	0.897	0.901	1.138	1.410	0.945	1.340
0.038	0.111	0.181	0.272	0.364	0.469	0.633	0.726	0.845	0.918	0.975	1.126	1.148	1.373	1.522
0.037	0.098	0.185	0.306	0.337	0.483	0.579	0.691	0.779	0.911	0.947	1.079	1.184	1.186	1.424
0.036	0.096	0.173	0.301	0.424	0.573	0.684	0.806	0.873	1.335	1.074	1.240	1.141	1.800	1.619
0.041	0.103	0.176	0.273	0.378	0.540	0.663	0.788	0.882	0.961	1.097	1.261	1.246	1.403	1.678
0.024	0.113	0.184	0.296	0.373	0.477	0.645	0.673	0.845	0.973	0.999	1.255	1.201	1.620	1.460
0.031	0.068	0.198	0.294	0.333	0.430	0.516	0.601	0.722	0.578	0.790	0.843	1.072	0.721	1.234
0.031	0.099	0.127	0.305	0.403	0.455	0.503	0.565	0.581	0.848	0.949	0.704	1.052	1.056	1.216
0.029	0.104	0.179	0.205	0.442	0.528	0.585	0.650	0.703	0.833	0.907	1.007	0.898	0.976	1.221
0.055	0.094	0.175	0.287	0.344	0.532	0.592	0.362	0.667	0.746	0.791	0.919	0.810	0.938	1.170
0.047	0.158	0.188	0.266	0.344	0.390	0.565	0.621	0.679	0.635	0.772	0.741	0.995	0.907	1.179
0.043	0.113	0.236	0.274	0.369	0.410	0.468	0.636	0.732	0.747	0.771	0.898	0.839	1.155	1.175
0.051	0.109	0.251	0.344	0.413	0.489	0.512	0.583	0.696	0.707	0.817	0.847	0.941	0.936	1.102
0.056	0.158	0.218	0.407	0.473	0.534	0.579	0.606	0.655	0.759	0.815	0.869	0.849	0.971	1.237
0.037	0.134	0.237	0.308	0.468	0.521	0.566	0.583	0.617	0.690	0.926	0.899	0.961	0.977	0.998
0.049	0.105	0.217	0.416	0.437	0.524	0.570	0.629	0.652	0.690	0.774	0.932	1.017	0.962	1.113
0.063	0.141	0.187	0.388	0.483	0.544	0.610	0.668	0.704	0.762	0.830	0.886	0.874	1.070	1.217
0.082	0.169	0.226	0.308	0.484	0.550	0.593	0.658	0.694	0.743	0.784	0.875	0.972	1.158	1.107
0.064	0.184	0.265	0.311	0.405	0.551	0.627	0.690	0.667	0.759	0.818	0.909	0.838	1.055	1.116
0.064	0.151	0.319	0.373	0.411	0.467	0.547	0.630	0.704	0.773	0.848	0.939	0.959	1.024	1.119
0.062	0.179	0.258	0.365	0.414	0.459	0.543	0.667	0.764	0.826	0.894	0.880	1.127	1.041	1.255
0.049	0.163	0.289	0.428	0.444	0.524	0.582	0.651	0.778	1.025	0.947	0.838	1.209	1.194	1.310
0.041	0.140	0.239	0.421	0.473	0.536	0.570	0.624	0.707	0.849	0.910	0.866	1.114	1.218	1.324
0.048	0.128	0.250	0.351	0.490	0.589	0.631	0.679	0.726	0.828	0.981	1.066	1.182	0.897	1.197
0.045	0.128	0.242	0.381	0.494	0.559	0.624	0.712	0.754	0.791	0.824	1.011	1.130	1.257	1.124
0.048	0.129	0.216	0.413	0.464	0.571	0.649	0.692	0.787	0.898	0.932	1.042	1.235	1.127	1.235
0.048	0.146	0.232	0.320	0.452	0.536	0.635	0.656	0.764	0.869	0.955	0.906	1.068	1.108	1.308
0.043	0.126	0.245	0.311	0.440	0.533	0.692	0.779	0.888	0.971	0.953	1.107	1.153	1.126	1.354
0.036	0.105	0.200	0.383	0.401	0.503	0.573	0.711	0.747	0.817	1.009	1.018	1.019	1.214	1.114
0.036	0.097	0.172	0.264	0.426	0.467	0.547	0.644	0.706	0.897	0.937	1.009	1.065	1.135	0.972
0.039	0.101	0.192	0.247	0.362	0.484	0.553	0.616	0.759	0.837	0.791	0.968	1.215	0.899	0.857
0.043	0.108	0.176	0.261	0.343	0.422	0.555	0.647	0.701	0.760	1.017	1.144	0.996	1.046	1.068
0.048	0.131	0.184	0.260	0.342	0.401	0.463	0.633	0.652	0.744	0.824	0.960	0.951	0.825	0.891
0.043	0.121	0.199	0.270	0.318	0.403	0.500	0.573	0.683	0.730	0.803	0.852	0.958	0.774	1.016
0.050	0.119	0.208	0.315	0.330	0.391	0.490	0.587	0.633	0.723	0.764	0.914	0.798	0.822	0.969
0.053	0.141	0.214	0.290	0.360	0.404	0.462	0.533	0.653	0.702	0.864	0.879	0.939	0.701	0.888
0.050	0.142	0.254	0.336	0.399	0.448	0.509	0.584	0.678	0.789	0.669	0.820	0.852	0.900	1.110
0.044	0.117	0.229	0.368	0.390	0.462	0.488	0.554	0.660	0.791	0.795	0.845	0.725	0.763	0.896
0.035	0.115	0.233	0.359	0.439	0.492	0.521	0.543	0.627	0.734	0.847	0.830	0.824	1.117	1.022
0.038	0.081	0.207	0.333	0.474	0.577	0.581	0.648	0.656	0.642	0.924	1.003	0.736	1.143	0.805
0.044	0.091	0.150	0.319	0.437	0.524	0.586	0.644	0.664	0.620	0.715	0.829	1.006	0.830	1.047
0.051	0.106	0.165	0.219	0.408	0.467	0.649	0.695	0.656	0.744	0.749	0.672	0.703	0.944	0.970
0.061	0.122	0.202	0.233	0.331	0.452	0.560	0.641	0.798	0.816	0.805	0.698	0.784	0.811	0.986
0.048	0.118	0.213	0.301	0.319	0.403	0.446	0.612	0.685	0.781	0.932	0.902	0.973	0.886	0.774
0.057	0.111	0.227	0.269	0.344	0.391	0.464	0.600	0.714	0.960	0.774	0.679	1.261	0.522	0.783
0.047	0.116	0.201	0.306	0.384	0.430	0.489	0.495	0.780	0.921	0.658	1.237	0.826	1.011	1.073
0.053	0.106	0.216	0.237	0.378	0.422	0.434	0.527	0.621	0.815	0.966	1.232	1.154	1.238	1.339
0.052	0.130	0.190	0.316	0.354	0.424	0.439	0.506	0.583	0.688	0.790	1.660	1.302	1.305	1.111
0.047	0.093	0.235	0.238	0.337	0.394	0.458	0.412	0.526	0.512	0.500	1.661	1.185	1.103	1.113
0.048	0.114	0.196	0.274	0.355	0.429	0.484	0.627	0.598	0.449	0.399	1.018	1.127	1.127	1.127
0.052	0.114	0.194	0.344	0.373	0.412	0.472	0.540	0.565	0.576	0.767	0.660	0.660	0.660	0.660
0.053	0.116	0.179	0.340	0.361	0.401	0.448	0.572	0.568	0.655	0.517	0.893	1.107	0.594	1.052
0.039	0.100	0.187	0.209	0.355	0.483	0.438	0.422	0.530	0.580	0.364	0.566	1.187	0.676	0.466
0.052	0.093	0.142	0.188	0.331	0.393	0.484	0.479	0.480	0.518	0.723	1.223	0.612	0.778	0.377
0.043	0.107	0.153	0.208	0.320	0.354	0.434	0.493	0.662	0.468	0.848	0.615	1.363	0.655	1.422
0.048	0.104	0.158	0.202	0.312	0.380	0.439	0.484	0.458	0.615	0.501	0.729	0.673	0.513	1.058