# Number of parameters = 248 Objective function value = -2039.91714030159  Maximum gradient component = 5.82027118196856e-06
# logdeltaQ1March:
0.628366042505
# logMisreportingRatio:
0.00000000000
# logFoldestmult:
0.00000000000
# logMoldest:
-1.60000000000
# logMmultiplier:
0.00000000000
# lnMigrationAbundance:
 9.37027742902 9.63429477282 9.30796224854 9.73011498997 1.00001493590 10.3127959491 9.51866964857 9.70368642123 8.60561823849 9.02829037078 10.3055018570 8.61028600601
# lnMeanRecr:
12.3860082436
# lnRecr:
 0.00604277730649 0.292864655514 0.639474740813 -0.0437562447329 0.199506494501 -0.249052919289 0.0761928896080 0.207814803240 0.313629510578 0.372999339899 0.691376980710 0.0640873477617 0.400689669657 0.111575771064 0.184272994570 -0.123664617885 0.548579923307 0.152794000118 0.479843577635 0.837899427310 -0.108706906617 0.338324232992 0.399122365207 -0.129538478830 -0.0951289009566 -0.141981549516 0.362600346673 -0.132340592023 -0.141297449987 0.635980595881 0.450713842090 0.0922974217851 -0.505747975505 -0.202136027688 -0.345887191493 0.0576042947705 -0.239207183390 -0.678075207270 -0.101088413048 -0.00315614562796 -0.534759900549 -0.0151168595749 -0.739619221294 0.0100258601714 -0.0669590321305 -0.0251328938736 0.0814602743853 -0.595286005855 -0.0690838265239 -0.205195352319 -0.494397462810 -0.230057129382 -0.331588337767 -0.243902324755 0.0394853134858 0.102639612834 -0.224897697883 0.0549162352574 -0.108466899317 -0.505386478775 -0.0607457185133 -0.0458410266772 -0.333087700607 -0.114300415787 -0.204840230688 0.166478074234 0.0181369455817
# lnMeanInitialpop:
10.3178853208
# lnInitialpop:
 1.75796252677 1.60723658335 1.94427320523 1.88642584895 1.29889680113 0.0523363303830 -0.392664693039 -1.15124187752 0.935211462145 -1.55841595429 -1.86130565375 -1.70705445249 -2.81166012687
# EstimatedSelection:
 -2.13401294953 -2.71176784698 -3.07745912220 -2.84664376223
 -1.09066482156 -1.11047710986 -1.74153552469 -1.69206777891
 -0.785870487471 -0.546712555827 -0.946306042204 -1.13084951433
 -0.742908779950 -0.190264973548 -0.552550655960 -0.658302252967
 -0.530317616352 0.0457208006551 -0.292368800616 -0.463471303739
 -0.347675025603 0.199999480618 -0.159026304619 -0.237118225965
 -0.240848381440 0.178092570713 -0.0600015331191 -0.239345031854
 -0.0524409255305 0.131937466832 0.000335394428918 -0.171030638344
 0.0640249983464 -0.0462456761444 0.0219636271077 -0.205973265068
# Catchlogitslope:
1.00000000000
# Catchlogitage50:
5.00000000000
# selslope:
2.60000000000
# fullselwt:
1750.00000000
# logSigmaCmultiplier:
0.238285272094
# AbundanceMultiplier:
0.00000000000
# lnMeanEffort:
-0.339361308000
# lnEffort:
 -0.302120218750 -0.306555594180 -0.194893895859 -0.0763634797447 -0.202967870070 -0.0928399410041 -0.157973277748 -0.153764998800 -0.0223074822168 0.102312618039 0.180013210788 0.0995076692124 0.0273604626555 0.183446564839 -0.0269563939808 0.183656437278 0.361521638557 0.356236386487 0.407516034597 0.438432773927 0.429494550447 -0.00272027036205 -0.212833211971 -0.427089502870 -0.481438096303 -0.382172853950 -0.141505298858 -0.00981287893817 -0.0757465839574 -0.144940921608 -0.0312386842813 0.163913439030 0.221947718029 0.240747055726 0.0466985353483 0.0611561754928 0.236970465667 0.344267295938 0.324136252167 -0.0646267854102 0.0861878834350 0.0359007226995 0.0573699921580 0.248438487769 0.410158836171 0.425639197640 0.344043406360 0.151879007528 0.130606664238 0.191225681034 0.149088670726 0.0934061095545 0.0126406547321 -0.159462469425 -0.0878458731834 -0.249848412385 -0.318497453111 -0.301893218201 -0.224968050337 -0.332631877452 -0.371134969024 -0.346405526931 -0.343873508597 -0.263025074161 -0.175007272116 -0.0604586524827
# meanlogSurvivors:
13.0000000000
# logSurvivors:
 0.00000000000 0.00000000000 0.00000000000 0.00000000000 0.00000000000 0.00000000000 0.00000000000 0.00000000000 0.00000000000 0.00000000000 0.00000000000 0.00000000000 0.00000000000
# SurveyPowerest:
 2.99999985106 2.34022570976 2.23216683116 2.11023058081 1.79180021512 1.40642666788 1.33429998492 1.22849720197 1.11594662875 1.99950387283
 1.99950387283 1.99950387283 2.06698282353 2.04419360172 1.52989552553 1.18917077570 1.10081730524 1.08327911771 1.05175409312 1.99950387283
# surveybiopow[1]:
1.00000000000
# surveybiopow[2]:
1.00000000000
# SigmaSurveypar:
 -0.349957511115 -0.313348285732
# SurveylnQest:
 -34.9296324764 -25.1858248349 -23.0194388170 -20.9442832806 -16.6656176779 -11.9267212289 -10.7449974326 -9.41259244571 -8.31963011581 -7.32460373248
 -0.693296832446 -0.693296832446 -21.2375043950 -20.2953102772 -13.9582790965 -9.81012132462 -8.72041271611 -8.36846784110 -8.04333292678 -7.60961994281
# surveylogitslope:
 2.00000000000 2.00000000000
# surveylogitage50:
 1.00000000000 1.00000000000
# Surveycorr[1]:
0.477226378405
# Surveycorr[2]:
0.640355513732
# logSigmaSurvey:
 -2.80000000000 -2.80000000000 -2.80000000000 -2.80000000000 -2.80000000000 -2.80000000000 -2.80000000000 -2.80000000000 -2.80000000000 -2.80000000000 -2.80000000000 -2.80000000000 -2.80000000000 -2.80000000000
 -1.00000000000 -1.00000000000 -1.00000000000 -1.00000000000 -1.00000000000 -1.00000000000 -1.00000000000 -1.00000000000 -1.00000000000 -1.00000000000 -1.00000000000 -1.00000000000 -1.00000000000 -1.00000000000
# logSigmaSurveybio:
 -1.15001809696 -1.15001809696
# estSSBRecParameters[1]:
12.6030312105
# estSSBRecParameters[2]:
4.78749174278
# estSSBRecParameters[3]:
-1.33099537254
# estSSBRecParameters[4]:
-2.30258509299
# estSSBRecParameters[5]:
0.0100000000000
# estSSBRecParameters[6]:
0.405000434719
