age	meansel	progsel	SigmaC	SigmaSurvey1	SurveylnQ1	SurveyPower1	SigmaSurvey2	SurveylnQ2	SurveyPower2
1	0	0	0	0.415079	6.76478e-16	3	0	1	1
2	0	0	0	0.267088	1.15328e-11	2.34023	0	1	1
3	0.105862	0.0895563	0.229702	0.248765	1.00643e-10	2.23217	0.230264	5.97956e-10	2.06698
4	0.358548	0.284133	0.182746	0.264269	8.01703e-10	2.11023	0.254386	1.53412e-09	2.04419
5	0.585933	0.498031	0.154827	0.217053	5.78381e-08	1.7918	0.184211	8.66955e-07	1.5299
6	0.775215	0.798879	0.139598	0.16279	6.61136e-06	1.40643	0.15424	5.48932e-05	1.18917
7	0.971478	0.970722	0.133252	0.156447	2.1553e-05	1.3343	0.170322	0.00016322	1.10082
8	1.155	1.2173	0.134522	0.170542	8.16889e-05	1.2285	0.211989	0.000232071	1.08328
9	1.20853	1.2146	0.144674	0.194502	0.000243686	1.11595	0.224416	0.000321237	1.05175
10	1.30385	1.30047	0.164979	0.211415	0.000659121	1	0.226609	0.00049566	1
11	1.30376	1.25581	0.199244	0.211415	0.000659121	1	0.226609	0.00049566	1
12	1.33563	1.54304	0.256352	0.211415	0.000659121	1	0.226609	0.00049566	1
13	1.33563	1.54304	0.350264	0.211415	0.000659121	1	0.226609	0.00049566	1
14	1.33563	1.54304	0.508898	0.211415	0.000659121	1	0	1	1
