year	RefF	CalcCatchIn1000tons	CatchIn1000tons	Spawningstock	Eggproduction	CbioR	RefBio1	RefBio2	PredictedRecruitment	Recruitment	N1st	N3	N6	CalcSurveyBiomass1	ObsSurveyBiomass1	CalcSurveyBiomass2	ObsSurveyBiomass2
1955	0.347592	539.445	545.25	726.241	27.9399	1622.14	1671.25	2090.32	297459	320896	240879	151013	110944	0	-1	0	-1
1956	0.346053	461.68	486.909	583.804	21.8849	1416.42	1465.79	1818.14	297459	453832	320896	143752	128588	0	-1	0	-1
1957	0.386934	454.371	455.182	574.563	21.5898	1259.09	1339.18	1639.74	297459	229177	453832	161466	93561.4	0	-1	0	-1
1958	0.435626	508.381	517.359	689.959	25.3033	1242.78	1372.57	1650.37	297459	292294	229177	215103	49990.1	0	-1	0	-1
1959	0.383823	436.721	459.081	639.226	23.9951	1219.15	1300.38	1580.31	297459	186643	292294	304213	45078.6	0	-1	0	-1
1960	0.428508	474.875	470.121	583.53	21.8179	1263.69	1330.93	1657.86	297459	258384	186643	153622	50818.5	0	-1	0	-1
1961	0.401487	387.969	377.291	399.302	13.6371	1104.35	1055.39	1430.56	297459	294732	258384	195930	66811.3	0	-1	0	-1
1962	0.40318	393.727	388.985	505.48	18.4772	1129.74	1173.62	1464.33	297459	327629	294732	125111	94981.3	0	-1	0	-1
1963	0.459823	408.316	408.8	460.469	17.3838	974.214	1059.4	1298.68	297459	347669	327629	173200	48183.7	0	-1	0	-1
1964	0.520849	417.168	437.012	420.076	16.7628	890.176	978.902	1210.65	297459	478009	347669	197565	59333	0	-1	0	-1
1965	0.562934	376.056	387.106	322.911	12.3113	768.018	817.849	1052.68	297459	255275	478009	219616	35281.1	0	-1	0	-1
1966	0.51939	346.112	353.357	295.681	11.3911	796.001	818.655	1063.26	297459	357431	255275	233050	45528	0	-1	0	-1
1967	0.483238	343.603	335.721	280.57	10.3969	870.336	873.289	1139.61	297459	267690	357431	320419	51813.4	0	-1	0	-1
1968	0.56487	399.353	381.77	248.41	8.54701	929.016	912.525	1242.86	297459	287875	267690	171116	59921.5	0	-1	0	-1
1969	0.45769	388.933	403.205	354.183	12.0686	1020.95	1034.76	1335.75	297459	211577	287875	239593	61698.6	0	-1	0	-1
1970	0.564988	459.061	475.077	354.785	12.0735	977.138	1016.17	1332.67	297459	414400	211577	179438	88195.9	0	-1	0	-1
1971	0.674971	436.809	444.248	252.991	8.22147	762.906	810.572	1083.34	297459	278954	414400	192968	45518.3	0	-1	0	-1
1972	0.671413	393.199	395.166	225.43	7.66681	686.267	726.72	978.206	297459	386873	278954	141824	57020.1	0	-1	0	-1
1973	0.706741	361.863	369.205	244.838	7.8309	576.576	634.826	829.801	297459	553439	386873	277781	39707.2	0	-1	0	-1
1974	0.728932	362.263	368.133	188.285	6.40416	643.504	666.773	908.077	297459	214765	553439	186988	40933	0	-1	0	-1
1975	0.722446	362.091	364.754	174.257	5.72136	632.032	666.992	889.039	297459	335821	214765	259329	29117.4	0	-1	0	-1
1976	0.711444	331.312	346.253	144.821	4.91468	694.486	698.067	945.577	296905	356871	335821	370982	56285.2	0	-1	0	-1
1977	0.57662	338.671	340.086	197.742	6.65701	1005.14	948.629	1297.47	297459	210338	356871	143962	41327.3	0	-1	0	-1
1978	0.465414	329.871	329.602	211.015	7.45936	1020.21	1009.01	1306.8	297459	217701	210338	225107	70906.7	0	-1	0	-1
1979	0.440795	356.836	366.462	306.679	10.2879	1099.81	1096.42	1409.58	297459	207737	217701	239218	122778	0	-1	0	-1
1980	0.486796	423.26	432.237	368.922	13.2922	1156.05	1177.25	1512.89	297459	344073	207737	140994	50577.7	0	-1	0	-1
1981	0.619252	449.289	465.032	268.023	9.94389	894.85	953.823	1244.3	297459	209749	344073	145930	78212.3	0	-1	0	-1
1982	0.706416	386.245	380.068	177.331	6.80622	686.984	741.806	980.697	297459	207879	209749	139250	75958.1	0	-1	0	-1
1983	0.661342	293.394	298.049	139.019	5.29611	570.287	594.746	794.045	294968	452249	207879	230639	40631.2	0	-1	0	-1
1984	0.617128	283.032	282.022	148.271	5.75982	679.104	669.079	908.082	297397	375766	452249	140599	41577	0	-1	0	-1
1985	0.691441	324.57	323.428	164.568	5.48692	676.521	631.857	929.609	297459	262579	375766	139345	41070.5	302020	384990	0	-1
1986	0.840444	360.373	364.797	191.453	6.10264	594.682	683.576	855.173	198398	144388	262579	303152	66317.5	374717	298510	0	-1
1987	0.890662	376.265	389.915	144.474	4.65715	706.405	703.733	989.609	197977	195609	144388	251884	36302.8	387549	322369	0	-1
1988	0.907564	377.266	377.554	159.873	4.2248	700.317	715.264	985.283	198398	169417	195609	176012	33115	366001	383903	0	-1
1989	0.747486	331.949	363.125	161.381	4.66252	690.082	714.873	950.42	198398	253625	169417	96786.3	69484.3	324185	408063	0	-1
1990	0.758371	322.605	335.316	197.404	5.4415	572.551	653.692	815.683	198398	188490	253625	131121	92665.4	306004	260854	0	-1
1991	0.904143	305.993	307.759	155.78	4.40024	470.825	550.692	696.868	198398	121532	188490	113564	45891.2	227483	244141	0	-1
1992	1.00655	266.332	264.834	141.908	4.01324	372.884	428.697	563.578	197496	216408	121532	170010	23359.9	164408	154177	0	-1
1993	0.98649	248.044	250.704	114.55	3.06419	415.663	428.45	599.228	181084	238674	216408	126349	28411.3	146766	155172	0	-1
1994	0.668737	173.81	178.138	152.348	4.05031	430.901	451.225	572.173	198398	140259	238674	81465.3	23838.1	152517	145989	0	-1
1995	0.582925	159.182	168.592	174.084	4.59392	435.721	452.336	567.699	198398	235836	140259	145062	42871.9	172060	181560	0	-1
1996	0.554336	179.905	180.701	157.872	4.57146	532.389	516.437	685.535	198398	114278	235836	159988	38565.3	209687	243585	113210	106304
1997	0.566366	207.621	203.112	191.678	5.83286	613.496	602.189	792.512	198398	241841	114278	94018.6	28028.1	251053	272469	127938	125376
1998	0.68561	250.642	243.987	200.239	5.75611	536.891	583.101	733.2	198398	223921	241841	158086	50361.3	250331	345951	119025	143217
1999	0.805956	263.089	260.147	175.092	4.8409	519.255	543.344	724.66	198398	233486	223921	76602.8	52167.3	217201	228135	97454.6	96026.1
2000	0.81853	230.519	235.092	160.381	4.62999	413.357	476.28	585.873	198398	259748	233486	162111	27996.2	197070	189537	87313.1	67074.7
2001	0.754394	210.088	236.702	157.143	4.31461	483.336	462.514	649.756	198398	132022	259748	150099	45141.7	186943	155348	91736.4	72973.2
2002	0.622504	189.776	209.544	189.278	5.06036	534.77	514.811	694.293	198398	223446	132022	156510	22379.4	217114	223694	109792	116572
2003	0.609402	197.838	207.246	185.748	4.90022	559.858	561.829	725.876	198398	195011	223446	174115	51427.1	245340	222001	126000	108058
2004	0.647486	227.529	228.342	192.443	4.88508	601.234	596.698	791.616	198398	146036	195011	88496.9	49633.8	258838	346078	125145	153632
2005	0.620769	223.633	213.867	220.74	5.68295	537.168	547.35	717.393	198398	190223	146036	149780	51313.9	249404	270698	118274	120767
2006	0.587148	196.918	197.202	211.858	5.89683	512.797	543.686	675.921	198398	171857	190223	130720	57413.6	240466	232808	118409	123624
2007	0.541591	177.042	171.646	195.743	5.68077	500.593	525.984	651.464	198398	187607	171857	97891.1	29809.1	232115	198108	113762	104498
2008	0.393537	149.806	147.676	245.586	7.02292	523.745	527.536	659.452	198398	249071	187607	127510	52146.4	238798	222836	127887	161702
2009	0.422755	176.901	183.32	225.779	6.84576	570.509	560.325	726.787	198398	265308	249071	115199	55618.3	263684	237980	135928	169800
2010	0.359527	166.51	170.025	254.755	8.19677	618.418	603.404	773.335	198398	191207	265308	125757	37647.2	292835	274071	153050	189420
2011	0.335674	170.644	172.218	311.443	10.5559	658.967	717.872	819.615	198398	252944	191207	166957	50087.8	355061	359294	190351	-1
2012	0.341294	195.9	196.171	344.4	12.216	756.013	804.748	940.442	198398	214817	252944	177841	46501	414324	552403	222302	215945
2013	0.368584	229.744	223.582	364.574	13.7664	850.936	878.308	1065.26	198398	144440	214817	128170	51254.4	462241	510216	238871	243602
2014	0.330963	220.573	222.021	333.01	12.5093	864.554	846.993	1074.2	198398	225317	144440	169554	67164	458404	418015	237724	262825
2015	0.318462	230.896	230.165	439.073	16.4606	926.953	963.604	1149.06	198398	228700	225317	143996	72296.1	533559	551012	276018	330050
2016	0.326435	247.159	251.219	382.258	14.5447	957.536	936.674	1193.03	198398	171600	228700	96821.2	52863.1	524535	580356	262954	223813
2017	0.327263	246.638	243.945	506.895	19.9674	888.779	1007.6	1116.43	198398	213567	171600	151034	70138.3	565808	657013	284259	374181
2018	0.354821	267.192	267.221	493.086	18.6626	913.012	969.746	1154.57	198398	195081	213567	153302	59473.3	530053	494890	266539	261371
2019	0.387467	264.915	263.025	436.468	16.262	851.621	918.324	1086.78	198398	282797	195081	115027	39406.6	490854	484387	242842	207662
2020	0.434493	262.772	270.302	384.961	14.387	757.609	887.338	982.186	198398	243810	282797	143159	60004	456616	348761	223703	161540
2021	0.439693	247.078	-1	361.348	13.0858	728.018	846.404	940.767	198398	198398	243810	130766	58800.6	425091	496735	0	-1
2022	0.395957	215.206	-1	338.572	12.1224	707.269	803.842	898.237	198398	198398	198398	189565	43294.7	0	-1	0	-1
2023	0.351009	199.993	-1	349.326	12.5605	785.537	847.511	976.021	198398	198398	198398	163431	54757.3	0	-1	0	-1
2024	0.325857	199.925	-1	371.783	13.2202	849.439	916.737	1046.67	198398	198398	198398	132990	51765.2	0	-1	0	-1
2025	0.30823	205.509	-1	423.562	14.8463	871.43	964.4	1074.01	198398	198398	198398	132990	77265.7	0	-1	0	-1
2026	0.300232	210.539	-1	463.452	16.4593	880.151	990.023	1086.5	198398	198398	198398	132990	67956	0	-1	0	-1
